-14
-14
-47
-53
-14
1
-50
-8
-8
0
-53
-8
-52
-52
-53
1
-14
-1
-14
-1
-33
-13
-14
-1
-1
-53
1
-14
-91
1
1
-33
-33
-52
-2
-91
-52
-1
-52
-14
-14
-52
5
-1
-52
-52
8
-33
1
2
-33
0
-53
0
-14
-52
0
-14
-50
1
-50
-50
-50
-3
1
-52
1
-14
-13
-33
2
1
-33
-14
-4
-32
0
-14
-14
-50
-50
-82
-52
-14
-50
-52
1
-14
-47
2
-53
-33
-53
-50
-14
-53
-14
-33
-1
-1
-53
-91
-33
-53
-14
-1
-33
-83
-50
1
-52
-14
-3
-50
1
-33
-1
-152
-50
0
1
1
-51
-33
-50
1
-155
-4
-33
1
2
-33
-33
1
-50
0
1
-101
-33
-53
-14
-14
-50
-8
1
2
1
-14
1
-33
-8
-52
-49
-33
-52
-4
-14
-33
-8
1
-47
-51
-14
-83
-8
-91
5
-158
3
-33
-38
1
-53
1
-14
-33
-83
-50
-14
-50
-33
-14
-91
-50
0
-1
1
-47
-50
-33
-50
-100
-33
-33
-33
-33
-91
-52
0
3
-49
-9
-14
1
-33
-47
-8
-53
-14
-50
-1
-47
0
-2
-14
1
-33
-50
1
1
-33
2
-50
-50
-8
-14
-33
-33
-14
-33
-8
1
-33
1
-2
1
-53
-14
-33
2
-53
-33
-83
-14
-4
-1
-14
2
-14
-50
-33
2
-33
-33
1
-85
-33
-50
-47
1
-1
-52
-50
-91
-14
-1
-50
-14
-52
-33
-53
-33
-33
1
-50
-33
-33
-50
-8
1
1
-52
-137
-42
-14
-50
-33
-53
-14
-49
1
-33
-33
-33
-14
1
1
-33
0
-11
-50
-52
-52
-50
-33
1
-1
-8
-33
-33
-52
-33
-33
-33
0
-52
-33
-33
-33
-33
-14
-33
-33
-8
-33
5
-50
-49
-1
-8
-52
1
-50
-87
-14
1
-34
5
-33
-8
-14
-14
-14
-33
-33
1
-14
1
-33
-52
1
-8
1
-33
-33
-50
-53
-33
-91
-50
-50
-33
0
0
2
1
-33
-52
-1
0
-33
-1
-33
-53
0
-50
-33
-14
-33
-8
-33
-33
1
-33
-33
-52
-14
-50
0
-33
-33
8
-14
-33
-143
-33
-81
-33
-33
-50
-50
1
1
-33
-33
-50
1
0
-8
-14
1
1
-157
-65
-14
-14
-33
-1
-33
-1
-50
-50
-6
-155
-70
-47
-1
-50
2
-1
-14
-33
-33
-14
-50
-1
-50
-14
-33
-82
-1
-53
-52
-50
0
-103
0
-50
-50
-1
-50
-33
-50
-53
-156
-33
1
-1
-90
-14
-33
-45
-33
-33
-1
-91
-92
-33
0
-33
-46
-50
-14
-52
-15
2
-157
-33
-33
-33
-33
-14
0
-52
-33
-153
1
-47
0
-91
-1
-1
-102
0
1
-1
-50
-14
-33
-33
-8
-33
-52
-33
-8
1
1
-33
-8
-14
-33
-33
0
-50
-33
1
-50
-50
-1
-50
-101
-14
-33
-50
-50
-33
-53
2
-3
-33
-8
-33
-33
1
1
-33
-50
-53
0
-53
-14
-50
-2
-14
-14
-50
-1
1
-14
-14
-1
-14
1
-50
-33
-33
-14
-33
-50
1
-33
-53
-52
0
-83
-33
-33
-8
-53
-50
-50
-14
-33
-33
-14
-33
-33
-1
-50
-33
-50
-33
-50
-50
-1
1
-50
-1
-50
2
-14
-14
-14
-33
-1
-50
-33
-89
-33
-14
-33
-50
-50
1
-33
-50
-49
-33
0
-33
0
-14
-92
1
-91
-50
-50
-33
0
0
-33
-14
1
-33
-102
-33
-33
-33
-50
-53
-33
-33
-50
1
-53
-33
-33
-14
0
-33
-33
1
-50
1
-14
-14
0
-50
-14
1
-33
-39
-14
1
-33
-33
-53
1
-50
-53
-1
-1
-33
-14
-53
-33
-33
0
0
-51
-50
-89
-50
0
-52
-33
-33
-52
-33
-33
-14
-33
-8
1
-33
-52
-46
-47
1
-53
0
-33
-52
1
-50
1
-14
-8
-33
-46
-14
-14
-8
-50
-8
-52
-14
-33
-47
-52
-14
-33
-33
1
1
-1
-14
-82
-33
-14
-33
-90
-33
-50
-124
-33
-33
-102
5
-50
5
-52
-52
-50
1
-53
-33
-100
2
-33
-1
-14
-33
-8
-33
-14
-52
-46
-33
1
-50
-33
-33
-50
-8
-14
-33
-50
-1
0
-53
-33
-8
-99
-50
-33
1
-8
-17
-33
-33
-33
-82
-53
-33
1
-100
-52
-50
-33
-53
1
0
-33
-14
-33
-14
-33
-52
0
0
-33
-52
-8
-14
-91
-33
-33
-33
-50
-50
-33
-14
-53
1
-33
-33
-33
-47
-33
1
-1
-8
-50
-33
-8
-50
-49
1
-33
-49
2
-33
-33
1
-14
-14
0
1
-33
1
0
-50
-14
-8
-65
1
1
-91
-33
-52
1
-33
-14
-1
-33
-33
-50
-33
-33
-14
-14
-33
0
-8
-33
-2
-14
-33
1
1
-33
-33
-14
-50
-33
-8
-33
-33
-33
-52
-14
-50
-50
-50
-162
1
-33
-14
-33
-52
-14
-14
-50
-14
-33
-33
-33
-50
-50
-8
-50
-154
0
-50
-50
-8
-52
-49
0
-48
-50
-1
1
-49
-37
-53
-100
-33
-52
-33
-1
1
-14
-33
-33
-33
-33
-52
-33
-52
1
-14
-14
-33
1
perf_total 222913
indel_total 926
miscall_total 4271
replace_total 41
